dim: 128
depth: 5
heads: 1
dim_head: 32
learning_rate: 0.00019015
batch_size: 32
epochs: 100

RMSE: 1.642761
MAE:  0.976560
R2:   0.944266
